1,525.8162,501.8698,728.0225,698.3318,0.9966,0
1,222.0241,6.9338,705.3846,282.4831,0.9962,0
1,492.9640,864.7844,545.4384,912.0681,0.9603,2
1,360.9342,839.2833,417.5883,889.2827,0.9454,2
1,426.1943,843.6711,478.6101,891.4880,0.9165,2
1,291.3365,632.8657,599.7609,882.9097,0.8488,0
1,600.3718,781.3352,699.6707,886.5596,0.7490,2
2,528.5418,495.2153,726.4344,694.0118,0.9969,0
2,217.3103,2.8537,705.7731,283.2689,0.9958,0
2,360.4671,838.2393,424.5065,891.0915,0.8956,2
2,282.4832,627.2162,602.4352,896.2079,0.8469,0
2,599.8730,779.1524,700.0270,879.5824,0.7808,2
2,627.1225,847.8380,687.7049,893.6854,0.6380,2
2,533.3065,786.1326,580.5531,863.9794,0.5714,2
3,530.0453,495.8140,728.6544,692.3367,0.9969,0
3,226.3589,1.6446,700.5272,282.9456,0.9964,0
3,622.7381,852.8829,690.0732,893.6516,0.9553,2
3,361.7792,838.2041,428.9044,890.2885,0.9315,2
3,290.9711,624.7379,603.0568,898.1156,0.7965,0
3,597.9315,777.4485,703.0895,868.0638,0.7016,2
3,491.8002,855.0511,549.2502,911.4476,0.5751,2
3,535.9795,785.9213,580.8558,857.3038,0.5214,2
4,529.6955,494.0288,731.7700,689.2997,0.9977,0
4,218.2925,0.9324,703.3868,275.1095,0.9965,0
4,363.2507,836.8056,429.3302,890.2614,0.9216,2
4,619.3925,848.7654,692.5564,895.0419,0.9036,2
4,493.8894,860.6719,542.3248,911.8176,0.8886,2
4,595.7864,775.8371,708.0063,857.3241,0.8528,0
4,283.6964,619.6909,607.5121,890.0835,0.8219,0
4,433.9625,868.9777,461.3317,894.2218,0.6280,2
5,213.8675,2.8383,706.6645,274.2505,0.9977,0
5,532.4640,490.3069,734.1736,687.4530,0.9959,0
5,428.9087,859.8237,468.4337,894.7030,0.9645,2
5,364.0780,829.7598,424.8785,888.7950,0.9596,2
5,616.4906,847.9964,696.3351,895.6786,0.9468,2
5,498.3636,858.7606,543.7026,913.7475,0.9325,2
5,284.4805,619.7139,604.5659,889.3428,0.8015,0
5,589.8504,772.0776,707.2283,858.7213,0.7962,0
6,202.8756,0.0000,706.8670,271.0576,0.9973,0
6,535.3747,488.4141,738.1203,684.0179,0.9965,0
6,362.5255,829.2575,425.1062,887.4809,0.9698,2
6,420.0575,852.6996,476.9619,894.8812,0.9690,2
6,612.4423,842.3380,697.4122,895.2531,0.9216,2
6,498.0563,861.3595,542.0342,906.8556,0.9166,2
6,286.7206,621.5803,594.5892,859.7756,0.7902,0
6,589.6647,771.4395,706.7241,851.9697,0.7092,1
6,590.7957,779.5565,705.5809,864.5015,0.5661,2
6,366.4159,832.6350,482.2025,893.2952,0.5636,2
7,206.9983,2.9713,709.8831,266.7246,0.9979,0
7,538.7961,487.1379,740.4074,680.7377,0.9954,0
7,611.3161,840.7281,699.0877,895.2751,0.9534,2
7,361.0203,828.8534,424.8842,886.8753,0.9381,2
7,361.9515,829.0974,487.5847,898.2023,0.9335,2
7,413.4046,849.2903,483.1747,895.6451,0.9053,2
7,586.8090,772.0436,708.1931,850.2832,0.6919,0
7,285.3568,619.5806,593.1159,884.1368,0.6770,0
7,589.7325,776.7612,706.2300,864.0009,0.6688,2
8,206.6385,2.8325,704.0980,265.2679,0.9978,0
8,538.9827,487.7135,744.8459,680.1963,0.9967,0
8,360.7407,828.5917,421.7203,887.0380,0.9860,2
8,411.6238,845.0290,485.7745,893.0360,0.9610,2
8,610.1555,837.8896,701.1278,897.5850,0.9602,2
8,501.0891,863.5718,540.9447,917.0462,0.9288,2
8,363.7961,829.9666,482.7744,891.8112,0.9271,2
8,285.3182,613.2279,591.4752,887.7193,0.7188,0
8,583.3746,767.8926,709.1185,849.8960,0.7071,0
8,584.6570,766.2447,708.7850,852.7356,0.5463,1
9,540.0666,487.8329,743.5032,676.2535,0.9975,0
9,210.4771,4.3494,708.9241,264.6990,0.9973,0
9,359.6295,829.3165,411.1562,887.4390,0.9930,2
9,410.7761,842.6259,486.5532,892.4680,0.9732,2
9,607.8002,835.2040,702.4658,897.6236,0.9632,2
9,496.9450,861.1741,543.2123,913.7087,0.8751,2
9,368.9101,829.5756,483.6803,893.0312,0.8482,2
9,283.3456,612.5275,590.8864,876.6027,0.8466,0
9,582.9263,769.9280,707.6061,860.9270,0.5826,2
9,580.5818,767.4280,709.6273,848.7394,0.5660,0
9,583.4770,767.9850,708.4128,849.3525,0.5572,1
10,205.6201,3.0268,713.2239,257.4009,0.9973,0
10,538.4529,484.2488,746.1519,673.6671,0.9970,0
10,357.5725,826.5618,411.2040,884.9905,0.9954,2
10,606.3133,833.2125,703.4358,896.3961,0.9682,2
10,408.4287,838.6718,489.4810,893.1971,0.9529,2
10,493.0660,854.8005,544.7220,913.6458,0.9469,2
10,290.1733,604.8491,591.4883,877.3508,0.8018,0
10,586.8100,774.9878,706.3693,867.1296,0.7474,2
10,583.5499,767.2343,707.1776,847.2213,0.5368,1
11,539.7487,479.2991,747.5255,669.9598,0.9977,0
11,206.7970,1.8967,704.0435,257.5155,0.9974,0
11,357.1620,825.1538,412.3701,884.9452,0.9936,2
11,405.4020,840.8390,492.4808,892.3463,0.9553,2
11,489.2144,853.0213,547.0628,913.5752,0.9384,2
11,585.5007,763.3643,706.7671,889.2584,0.8830,2
11,287.3575,601.8581,592.9766,872.4682,0.8652,0
11,364.3612,825.2195,477.0223,888.9392,0.7814,2
11,601.2178,814.8355,703.9131,893.8280,0.6225,2
11,490.5444,782.5118,578.1594,877.6582,0.5459,1
12,542.3535,475.4951,751.7971,670.8494,0.9974,0
12,204.7771,0.0000,711.7020,252.3488,0.9970,0
12,357.8601,825.7985,414.3369,883.1487,0.9890,2
12,485.4273,857.4576,549.7023,913.6663,0.9723,2
12,283.9680,602.5770,590.2807,849.9953,0.8941,0
12,577.8959,762.4404,709.4654,891.2584,0.8555,2
12,355.9013,825.3809,487.3881,887.9633,0.7506,2
12,401.7907,838.7440,500.4635,891.2897,0.7452,2
12,469.9243,798.8729,580.9167,875.9600,0.5989,1
13,540.1620,471.2152,752.8748,663.2283,0.9976,0
13,203.4317,1.3761,715.4515,247.0557,0.9973,0
13,355.2049,822.8762,413.8127,881.3589,0.9881,2
13,486.7228,852.0478,551.6460,914.6982,0.9779,2
13,281.3115,597.4836,593.8961,849.5042,0.9544,0
13,359.6403,824.0093,481.7406,887.4752,0.8148,2
13,574.4463,764.4407,710.2168,885.1782,0.8061,2
13,398.1303,837.2543,490.4039,891.4148,0.7865,2
14,203.8110,0.1281,709.6007,244.8611,0.9983,0
14,541.6185,463.9331,754.7039,657.4542,0.9971,0
14,357.7560,822.3625,410.2308,875.8906,0.9883,2
14,482.9075,858.4592,551.7704,912.1162,0.9857,2
14,571.8292,758.0110,708.0209,890.5193,0.8923,2
14,391.9151,831.7418,491.6364,890.2224,0.8274,2
14,282.8491,592.4031,598.2197,874.4132,0.7590,0
14,488.2254,830.9357,559.1562,876.5698,0.5829,1
15,204.4236,1.5076,712.0542,246.0657,0.9982,0
15,541.3564,463.1557,755.4485,656.5319,0.9978,0
15,356.1920,822.2386,394.5160,867.7543,0.9920,2
15,481.7249,855.7475,551.9886,912.1077,0.9908,2
15,369.3830,864.2947,394.8139,888.0238,0.9304,2
15,577.3561,756.5580,704.4266,896.6823,0.9266,2
15,390.4823,826.1756,493.1627,888.2344,0.9094,2
15,278.5956,593.1809,590.5587,846.3695,0.8684,0
15,490.3309,828.0452,565.6085,875.5939,0.7502,1
15,524.7145,788.8779,580.6025,834.6892,0.5446,1
16,542.5815,460.8143,755.5459,652.5188,0.9978,0
16,202.2266,1.4889,711.5378,243.8693,0.9975,0
16,478.2033,851.5506,552.4512,914.1489,0.9898,2
16,278.5486,589.2200,594.7468,842.5576,0.9010,0
16,579.4404,747.7032,706.2043,893.5464,0.8996,2
16,366.1486,851.7491,397.9786,889.2545,0.8131,2
16,487.7217,810.4720,567.0445,874.2040,0.7970,1
16,371.4273,817.3471,503.3929,887.9938,0.7922,2
16,515.7659,785.5765,578.1897,832.6448,0.5443,1
17,203.1742,0.1728,711.9561,239.8712,0.9981,0
17,542.9140,456.7559,757.4276,652.2662,0.9978,0
17,478.0611,849.1064,555.6923,913.2551,0.9911,2
17,362.3495,845.5894,400.7159,889.0849,0.9601,2
17,581.9807,747.9847,707.2480,895.1048,0.9590,2
17,275.7337,585.6658,594.8335,840.3108,0.8824,0
17,396.8747,816.3006,510.4405,886.4583,0.8431,2
17,490.8590,780.5590,577.2701,841.6396,0.6574,1
17,484.0148,761.8693,571.3273,878.3284,0.5470,1
17,373.4352,794.5867,564.4222,891.9351,0.5007,2
18,206.5959,1.4673,723.4615,232.1370,0.9983,0
18,541.5723,451.5512,760.5825,648.0397,0.9982,0
18,476.5972,847.0553,553.1758,912.5667,0.9883,2
18,582.0356,747.2737,710.5791,895.9111,0.9773,2
18,362.7173,850.4679,397.4958,888.4791,0.9350,2
18,392.4956,829.3179,479.6135,887.3429,0.8278,2
18,276.1815,583.2324,595.4622,844.9651,0.8139,0
18,481.4864,778.2704,566.2242,884.7327,0.6776,1
18,487.2006,783.7184,561.9236,826.3314,0.5662,1
19,541.1565,446.5013,757.9882,647.7521,0.9983,0
19,204.5904,2.8277,721.5131,231.2944,0.9973,0
19,474.5667,843.4788,553.4291,912.9290,0.9892,2
19,582.0931,744.6907,711.2041,895.8488,0.9378,2
19,365.2241,841.5739,401.1412,888.9440,0.8818,2
19,278.3062,581.5172,595.8536,843.7031,0.8239,0
19,392.5826,819.4579,484.1952,887.1052,0.7879,2
19,454.9120,743.2917,576.0688,897.3303,0.5828,1
20,540.2447,449.2558,759.4930,645.5807,0.9977,0
20,216.3483,1.8875,721.1493,223.8860,0.9973,0
20,473.0728,842.3308,554.9695,913.3954,0.9874,2
20,576.6757,740.1010,707.7816,892.2830,0.9083,0
20,383.7249,813.2465,486.9730,885.6959,0.9014,2
20,280.4480,577.5545,592.9026,840.2016,0.8939,0
20,470.8839,749.1287,576.2106,886.8707,0.6282,1
20,479.0204,760.0682,579.7109,819.5616,0.5905,1
21,546.4734,446.8654,761.1016,648.4036,0.9975,0
21,211.5333,1.9029,706.0966,222.2243,0.9970,0
21,473.1217,839.3731,554.2617,912.8633,0.9783,2
21,285.3205,577.8684,593.0864,864.8319,0.7906,0
21,581.2767,738.9021,708.1033,884.1655,0.7628,2
21,578.9524,737.8569,707.7824,891.9192,0.5891,0
22,218.0536,1.6317,720.1404,218.1977,0.9980,0
22,548.4546,443.8362,763.0518,647.2767,0.9980,0
22,475.8235,838.1202,552.7074,910.3218,0.9740,2
22,287.2336,576.9356,592.3607,857.7415,0.8236,0
22,576.5482,733.9707,711.4058,891.5190,0.7299,0
22,374.8854,732.7396,583.0749,897.6324,0.5990,2
22,576.0321,734.7850,709.0298,889.2677,0.5345,2
23,212.3971,0.9718,719.3326,216.0041,0.9982,0
23,550.2133,438.5287,757.8425,645.1953,0.9978,0
23,476.1590,836.3036,550.7533,906.7169,0.9570,2
23,283.5740,571.4334,590.9679,843.1575,0.9162,0
23,579.4813,734.1830,707.7072,890.9069,0.8873,0
24,208.3907,0.2858,718.5861,209.1552,0.9985,0
24,549.6672,439.1963,761.4303,642.2494,0.9960,0
24,473.3417,830.6824,552.7112,906.9288,0.9768,2
24,579.8645,731.9557,709.1884,893.3981,0.8483,2
24,286.1988,571.6750,583.2346,896.0115,0.8029,0
25,211.9697,2.5440,712.2289,203.4982,0.9979,0
25,550.7203,435.3708,760.8656,642.4907,0.9979,0
25,472.0016,825.3189,551.4277,909.1223,0.9917,2
25,288.4148,565.8523,596.6172,872.7341,0.8237,0
25,580.4518,730.5711,709.7462,896.0289,0.7930,2
25,370.2470,834.7992,466.1546,888.0872,0.7041,2
25,474.9168,0.2076,571.8099,68.4781,0.6514,0
25,454.8494,756.0588,585.9041,871.9707,0.5329,1
25,580.6998,729.0458,709.6238,894.8383,0.5113,0
26,207.3464,1.7012,716.8723,198.9538,0.9971,0
26,551.2220,432.2747,759.4289,642.7135,0.9966,0
26,469.1207,821.7197,554.2804,908.1382,0.9883,2
26,369.6822,839.2903,458.0942,890.6194,0.9643,2
26,580.4091,726.9788,710.5795,894.3098,0.7458,2
26,286.1708,560.4647,592.6166,879.7581,0.5899,0
26,288.9066,556.9833,602.0731,887.8909,0.5466,2
26,447.2566,751.9339,586.7115,870.4819,0.5371,1
27,553.4952,428.9935,760.8644,641.2129,0.9976,0
27,212.2291,2.0176,718.7734,194.5181,0.9961,0
27,471.6075,826.3827,548.9225,904.5529,0.9941,2
27,371.5214,837.9563,455.6160,890.9605,0.8847,2
27,578.9841,718.2374,711.4932,890.3649,0.8367,2
27,436.6122,726.8530,590.6815,871.5175,0.7871,2
27,281.9534,558.7687,591.8484,876.9208,0.6922,0
27,280.5300,549.3801,604.9402,888.5032,0.5286,2
28,224.3749,2.0466,725.9005,190.7020,0.9971,0
28,552.5527,427.4730,760.8391,636.7084,0.9965,0
28,475.7681,819.5439,551.9166,905.4228,0.9930,2
28,373.2635,835.7739,453.0634,885.8726,0.9222,2
28,579.2474,713.3398,711.0098,891.4581,0.8363,2
28,287.7494,557.6157,600.1862,884.9164,0.7328,0
28,638.2413,868.2701,680.3365,889.2048,0.6899,2
28,279.2790,553.8489,598.8107,880.7141,0.5199,2
29,226.9261,1.7283,727.2899,187.9472,0.9975,0
29,556.7877,425.6348,765.2693,636.3074,0.9966,0
29,475.0788,818.9247,548.8274,901.1976,0.9905,2
29,374.2706,831.4622,455.4299,884.3054,0.8641,2
29,569.7433,704.8954,710.6327,889.5949,0.8132,2
29,284.9642,557.4726,598.6956,874.8421,0.7968,0
29,635.4296,865.0494,681.8274,888.6185,0.7747,2
29,217.7377,4.1602,495.9476,171.9990,0.7338,0
30,555.5901,422.7039,766.2980,634.3097,0.9972,0
30,472.4237,815.6810,550.7271,902.0159,0.9937,2
30,226.2026,2.2944,725.4716,188.5835,0.9930,0
30,632.2875,852.7797,683.5815,889.3225,0.9849,2
30,375.4017,828.8424,457.2858,886.4830,0.9554,2
30,216.7732,3.5866,493.2737,167.4534,0.9181,0
30,288.6295,552.5518,598.4378,879.5610,0.8286,0
30,571.4102,702.5172,708.1534,881.0542,0.6761,2
31,550.7737,414.1501,766.7055,634.2173,0.9982,0
31,224.1921,3.1829,720.8503,187.6153,0.9948,0
31,471.0831,814.8578,553.5367,901.5319,0.9905,2
31,632.1582,857.3944,686.0027,890.3393,0.9823,2
31,377.8629,825.5868,442.9896,880.8785,0.9814,2
31,283.8028,547.2768,593.2894,825.9100,0.7874,0
31,574.2578,705.8054,712.7907,875.2963,0.5751,0
31,573.8861,707.9643,709.0526,881.2308,0.5417,2
32,555.2749,415.3870,769.5213,629.3552,0.9979,0
32,226.2062,1.9881,727.1061,182.8691,0.9968,0
32,467.2462,812.5358,551.9669,902.9739,0.9932,2
32,379.0731,825.6190,436.9912,880.5477,0.9813,2
32,631.3225,855.2115,687.2709,891.4733,0.9760,2
32,285.6718,540.7869,592.0192,842.4991,0.8693,0
32,570.9747,715.2220,711.8528,881.2997,0.7075,2
33,555.9097,413.1492,769.6605,624.6468,0.9963,0
33,225.2941,1.4839,726.7978,179.5430,0.9947,0
33,463.1850,809.7269,556.1114,900.8481,0.9929,2
33,377.5667,822.4604,463.7610,890.0353,0.9645,2
33,629.2333,853.1960,689.0829,891.8038,0.9591,2
33,571.0209,717.0081,714.1419,873.5763,0.8271,0
33,291.0654,534.9984,591.8704,842.2891,0.6345,0
33,403.4325,757.1854,568.9589,847.0684,0.5128,1
34,220.6958,0.8598,728.6416,172.1443,0.9972,0
34,558.2864,409.7532,769.2007,621.7973,0.9958,0
34,461.3283,809.2831,554.9133,899.2942,0.9880,2
34,568.0534,719.6376,715.7238,858.5452,0.9614,0
34,626.1451,845.5372,693.8323,894.3523,0.8998,2
34,288.0659,529.9531,585.9077,823.1585,0.8849,0
34,378.3911,818.6411,459.5562,886.7158,0.7941,2
35,552.8640,401.8349,768.4882,621.7735,0.9980,0
35,216.0623,1.3858,723.8346,166.1472,0.9957,0
35,459.5470,803.5305,553.8789,899.2079,0.9737,2
35,570.1868,723.9738,715.0911,857.8147,0.9653,0
35,380.8219,823.8508,443.9001,883.2812,0.9451,2
35,291.7444,531.9993,589.4364,831.5573,0.9190,0
35,376.8477,871.8174,399.1582,893.1174,0.9135,2
35,625.9094,843.8729,692.6741,895.0393,0.8741,2
36,555.0757,397.7007,766.0449,618.8874,0.9967,0
36,216.9732,0.0000,728.3770,167.9377,0.9963,0
36,456.5322,801.5475,558.5417,903.2800,0.9874,2
36,567.1890,722.6807,716.9973,856.0202,0.9432,0
36,287.6305,530.8862,590.3289,832.8687,0.9402,0
36,626.3422,842.7208,693.5757,894.7041,0.8816,2
36,378.0865,820.2236,457.5639,882.6656,0.7229,2
37,554.4821,399.4940,766.3063,614.9708,0.9971,0
37,222.6794,0.0000,728.0825,166.2328,0.9953,0
37,457.6653,799.1874,559.1176,904.0121,0.9935,2
37,293.9005,522.3667,587.1362,823.8059,0.9290,0
37,625.2440,841.9683,694.0037,894.3895,0.9202,2
37,560.9835,722.2077,716.1747,852.6179,0.6482,0
37,373.5749,819.3491,462.7715,886.7445,0.5008,2
38,553.4022,401.7581,769.9401,614.6768,0.9981,0
38,220.7309,0.4345,730.8654,161.0664,0.9952,0
38,455.9750,794.7792,560.5586,905.5284,0.9543,2
38,293.0301,518.9228,594.2691,816.3351,0.9293,0
38,572.4965,726.4766,715.1532,871.3773,0.7331,2
38,212.3964,2.8123,466.8275,118.7501,0.6339,0
38,371.0533,824.8184,462.4573,891.9869,0.5844,2
39,559.5442,400.4762,770.4297,611.9967,0.9963,0
39,223.6345,0.6195,730.7366,155.6399,0.9953,0
39,487.5606,862.5883,548.5384,910.3054,0.9682,2
39,441.6794,793.4583,561.0336,891.6985,0.8282,2
39,553.0125,724.3111,717.2442,880.1620,0.7967,2
39,293.4814,517.4294,611.0503,895.0831,0.7120,0
39,366.7000,842.4476,458.2839,892.2216,0.6187,2
39,366.7994,846.9172,409.9149,888.7135,0.5169,2
40,557.1752,395.8380,770.3563,607.5082,0.9959,0
40,223.8229,0.0000,729.6716,154.3123,0.9945,0
40,484.2634,858.4995,549.9507,909.3475,0.8369,2
40,444.4471,794.7666,560.1251,891.4952,0.7545,2
40,361.3615,842.3000,403.5791,890.2739,0.7510,2
40,288.2312,519.9481,613.4618,864.3271,0.7368,0
40,568.9125,721.9990,715.3002,889.9347,0.6032,0
40,562.1970,719.5530,714.3954,880.0720,0.5322,2
41,558.1641,394.6737,770.8235,607.5707,0.9962,0
41,216.2654,0.5028,732.2142,150.3663,0.9954,0
41,485.9171,859.1787,552.8465,909.6335,0.9686,2
41,292.5207,511.3594,596.6985,811.9209,0.9314,0
41,443.9537,789.9426,562.7175,895.7141,0.7924,2
41,569.5197,718.8881,713.5243,878.8151,0.7240,2
41,360.6574,832.3478,458.6489,893.1545,0.5336,0
42,559.7206,392.1960,770.3998,604.7709,0.9960,0
42,212.0578,0.0000,740.6970,160.3819,0.9773,0
42,450.6418,829.7364,562.9352,913.2440,0.9458,2
42,286.8694,506.3572,586.9280,807.8901,0.8281,0
42,393.9801,823.6193,419.5511,851.8770,0.8030,0
42,447.8130,779.4881,561.0322,859.5305,0.7387,1
42,571.1323,719.2743,712.3464,885.1287,0.6219,0
42,572.1055,718.6236,711.2464,885.3353,0.6175,2
42,444.2848,783.7601,563.5970,884.2440,0.6030,2
43,560.4617,389.5755,768.3214,600.3738,0.9932,0
43,217.3140,0.0000,729.9006,150.5280,0.9822,0
43,287.2073,506.0755,591.7429,809.1790,0.9617,0
43,443.5766,807.1816,568.1116,907.3593,0.8852,2
43,555.8066,720.3129,709.5043,880.5299,0.8253,0
43,444.3958,776.3904,559.4998,848.4598,0.6596,1
43,558.0555,719.3408,706.2713,864.3145,0.5448,2
44,559.4796,391.3604,772.3193,600.0330,0.9944,0
44,212.1993,0.0000,727.1526,152.5434,0.9896,0
44,652.2804,871.2091,673.8224,892.0354,0.9652,2
44,287.3084,499.7037,586.9435,807.7844,0.9538,0
44,440.5753,778.5630,567.9117,909.7133,0.9019,2
44,554.6130,718.8594,710.7124,877.7509,0.8926,0
44,355.4478,822.1000,452.5022,889.9205,0.5245,0
45,558.3001,387.6318,768.5981,594.6802,0.9959,0
45,224.3635,1.7822,731.1902,143.0781,0.9663,0
45,561.9540,717.9515,701.8963,874.8350,0.9516,0
45,650.7288,868.3832,674.4336,892.0046,0.9367,2
45,438.4174,777.5042,563.8912,907.4683,0.9356,2
45,289.4062,488.2682,641.0020,790.5182,0.8718,0
45,352.9930,816.1392,454.4603,889.6767,0.8277,2
45,205.9572,1.6772,452.4704,86.9675,0.7250,0
46,556.6851,384.4517,769.1415,590.6113,0.9866,0
46,222.9037,1.8710,733.2861,142.1751,0.9740,0
46,553.5231,718.9890,705.5530,872.0613,0.9662,0
46,649.7085,864.6555,676.1066,891.6675,0.9326,2
46,355.6219,810.9802,454.5876,891.1482,0.8169,2
46,294.4167,482.0555,642.0912,798.4652,0.7307,0
46,432.3795,769.3923,565.4891,911.7466,0.7120,2
47,553.0007,384.7774,770.7188,592.0009,0.9909,0
47,215.5297,1.3000,739.4954,135.5363,0.9863,0
47,358.8876,807.5698,457.3313,893.2344,0.9484,2
47,554.0941,715.4583,706.0145,868.3804,0.9475,0
47,648.3559,860.6429,677.9623,890.0785,0.9412,2
47,432.6278,763.2202,568.8003,913.5290,0.8684,2
47,198.5974,0.9069,472.9066,77.3090,0.8293,0
47,285.0438,494.8513,583.2200,793.3039,0.7899,0
47,284.0962,419.9432,748.2933,849.8748,0.5418,0
48,365.4948,805.6633,465.8201,897.4280,0.9872,2
48,551.2420,377.7354,765.4300,587.4100,0.9861,0
48,207.3923,1.1888,733.5229,133.5985,0.9784,0
48,426.4937,770.3106,570.9007,910.0765,0.9598,2
48,285.0978,492.9313,586.5918,782.7462,0.9515,0
48,646.8594,856.7029,679.1030,889.8906,0.9366,2
48,550.3912,714.8748,705.9674,867.1309,0.7504,0
48,549.7762,715.7927,701.1327,853.7810,0.7270,2
48,206.1587,1.7424,471.1435,75.0427,0.5764,0
48,286.5147,408.8755,750.9551,801.0140,0.5642,0
49,549.4937,376.2556,767.9961,584.8003,0.9898,0
49,213.5399,1.6640,740.8358,128.5907,0.9886,0
49,364.8372,799.7547,460.8310,896.7422,0.9552,2
49,429.9245,764.0187,570.2217,906.9822,0.9249,2
49,291.8188,487.0161,598.7741,780.8096,0.9166,0
49,645.1223,854.9705,680.5923,889.2850,0.8659,2
49,544.8684,716.2423,709.8438,860.8870,0.8281,0
49,545.4697,714.8661,704.3465,849.3762,0.7143,2
50,214.6376,0.5711,739.2914,123.6228,0.9879,0
50,542.0101,377.0360,765.6653,585.9315,0.9864,0
50,368.2718,800.9377,457.9997,895.5844,0.9563,2
50,287.2365,485.4023,587.1840,775.5617,0.9202,0
50,542.0322,713.2096,702.4666,832.4230,0.8566,2
50,644.2703,852.5657,681.9311,890.3232,0.8180,2
50,428.0638,757.4697,576.7079,911.9862,0.7423,2
50,284.3291,401.9210,749.8411,785.5472,0.6742,0
51,212.0994,0.9996,735.4800,122.1839,0.9899,0
51,372.8907,798.2264,454.3670,892.8901,0.9660,2
51,539.1372,375.2548,768.7381,581.9460,0.9222,0
51,429.2110,760.4603,578.0179,911.9339,0.8829,2
51,286.4281,474.7924,596.9721,774.1755,0.8748,0
51,288.8913,390.7342,762.3806,803.3890,0.8314,0
51,642.1216,849.1439,683.5375,890.4475,0.7919,2
51,639.3383,3.2321,725.2497,115.0245,0.7892,0
51,529.9623,704.5361,706.6558,848.4859,0.7556,0
52,228.6406,0.8101,733.5746,117.6481,0.9901,0
52,377.4005,799.0667,456.7494,893.3743,0.9836,2
52,435.4055,762.0826,579.2885,908.1494,0.9672,2
52,546.0194,370.4257,769.7969,576.6401,0.8678,0
52,289.8810,475.0385,622.5966,771.4452,0.8486,0
52,296.6613,386.7795,760.6436,806.6714,0.8370,0
52,527.1951,704.7479,704.6976,845.7196,0.7938,0
52,640.4234,846.5835,685.6094,890.9424,0.7779,2
53,380.2721,789.3114,453.9413,890.5952,0.9849,2
53,225.3909,0.1721,737.7469,109.4465,0.9820,0
53,639.7890,843.4836,686.4080,891.1465,0.9361,2
53,429.7799,758.4457,578.6441,907.7649,0.9358,2
53,600.3342,2.6914,743.1519,108.5647,0.9046,0
53,286.3544,383.3680,769.0748,811.2505,0.8919,0
53,357.5554,732.1934,410.7676,765.5677,0.7414,0
53,201.2125,0.5493,643.3142,66.6159,0.6780,0
53,516.0568,697.4073,709.3990,841.2987,0.6100,0
54,217.6968,0.0000,752.0371,110.4476,0.9815,0
54,431.8582,758.0109,579.6187,910.0067,0.9532,2
54,384.9899,788.3666,454.6326,893.7933,0.9461,2
54,637.9395,841.6366,686.8950,891.3441,0.9253,2
54,285.7461,381.4501,773.2814,828.7766,0.9062,0
54,606.7991,3.0411,745.1242,106.6534,0.9056,0
54,200.0257,0.0000,633.8265,64.3331,0.6871,0
54,532.2573,697.8729,701.2811,837.4831,0.5914,0
55,228.5277,0.0000,736.3510,106.1122,0.9703,0
55,279.7280,377.7214,773.5099,824.4351,0.9224,0
55,635.2467,836.8350,687.0925,891.7529,0.9182,2
55,418.4189,747.6580,582.8643,905.2523,0.8597,2
55,525.9641,686.1945,701.8956,830.6575,0.7616,0
55,386.1694,783.5637,455.6152,893.4421,0.6695,2
55,199.6023,0.5618,547.9028,63.4470,0.5128,0
56,222.3117,0.0885,738.0616,103.0942,0.9895,0
56,424.7426,744.3594,580.2579,901.3333,0.9267,2
56,633.6490,834.8254,688.4113,890.9763,0.8987,2
56,671.5901,5.3391,744.3221,96.7237,0.8948,0
56,282.0822,375.4691,770.8419,815.6649,0.8705,0
56,388.6548,781.2601,448.2570,887.1915,0.8684,2
56,556.2816,693.4434,703.1318,835.8801,0.8421,0
56,195.5309,0.7676,552.6398,61.5555,0.5378,0
57,203.4943,1.1033,748.2208,107.9985,0.9704,0
57,395.7995,743.8275,584.5981,905.3605,0.9357,2
57,631.1755,830.8286,688.9914,891.2056,0.9265,2
57,282.7826,375.9142,772.2905,798.2595,0.9265,0
57,385.3027,862.9046,403.4453,887.7040,0.6276,2
57,501.3505,672.6674,698.8340,828.7766,0.5794,0
57,197.6909,1.3279,560.9970,61.0131,0.5733,0
58,220.0171,0.3333,743.9021,99.1178,0.9893,0
58,292.1378,376.5975,773.7681,817.8608,0.9504,0
58,629.5622,828.4407,689.0022,891.3143,0.9127,2
58,391.4395,741.3419,583.6949,896.8779,0.8355,2
58,377.0084,876.5960,398.6448,894.8130,0.6430,2
59,217.6497,1.9602,742.1646,91.0988,0.9811,0
59,378.4469,871.9718,403.1170,892.9778,0.9474,2
59,287.8948,364.5123,775.7239,843.8801,0.9287,0
59,628.2513,826.3383,688.4077,892.5610,0.9095,2
59,414.3851,740.5740,583.5250,911.6616,0.8281,2
59,432.6333,873.1575,451.4739,894.3020,0.6062,2
60,212.8400,1.7323,746.7487,88.6585,0.9905,0
60,627.8537,824.2907,689.1063,892.6337,0.9356,2
60,377.0052,863.7083,415.7570,889.2379,0.9007,2
60,283.2224,358.2366,774.0595,838.5434,0.8896,0
60,413.6362,736.3282,582.7804,907.2900,0.8501,2
60,423.1044,853.4523,452.6981,893.3662,0.7382,2
61,213.1154,2.5967,743.0941,84.6160,0.9911,0
61,373.4438,854.5364,417.6893,890.1873,0.9724,2
61,285.7241,361.6912,778.2883,829.8090,0.9610,0
61,627.2068,822.5844,688.9102,891.9800,0.9579,2
61,424.2364,862.3948,454.3473,892.1281,0.9138,2
61,420.4295,738.5263,581.0980,911.4830,0.8946,2
62,207.7487,3.5034,743.7264,81.2523,0.9875,0
62,626.9642,820.5171,688.5792,892.4913,0.9606,2
62,280.8934,361.7842,783.2629,812.5764,0.9560,0
62,367.9788,849.5656,415.6859,892.0056,0.8358,2
62,423.8242,738.8262,581.2285,907.1709,0.7812,2
62,506.1978,2.4481,744.8525,80.3920,0.7658,0
62,423.2809,854.2009,455.6678,893.7297,0.6849,2
63,627.6229,817.5293,689.6763,890.7110,0.9787,2
63,204.2671,2.4240,739.0181,79.0215,0.9707,0
63,282.0946,355.7404,784.3884,812.4375,0.9571,0
63,363.1442,841.9937,414.9196,893.3132,0.9334,2
63,425.6966,736.7883,581.7114,894.5531,0.9173,2
63,477.6252,1.8875,749.5203,77.6480,0.8863,0
63,421.7276,847.3945,457.2094,894.2571,0.8824,2
64,627.6876,815.2715,689.9011,890.8072,0.9813,2
64,301.4994,352.1014,781.1828,816.6080,0.9362,0
64,419.2837,841.4465,459.4513,893.8376,0.9242,2
64,359.3102,835.0771,414.8509,894.5848,0.9084,2
64,419.6740,736.6560,581.3416,897.9013,0.8927,2
64,208.0858,3.4675,761.6750,76.3493,0.8752,0
64,192.8773,2.1354,397.9786,36.0071,0.7692,0
64,679.1222,1.6939,745.0413,66.0269,0.6935,0
65,628.3887,812.2236,689.4564,887.2372,0.9854,2
65,278.9203,349.3398,788.3094,805.6546,0.9688,0
65,356.9202,829.4387,415.6305,896.1977,0.9550,2
65,414.8301,834.0155,463.7370,897.0554,0.9306,2
65,425.6861,732.9401,582.1740,897.2546,0.8800,2
65,193.0192,1.1813,391.4831,27.9902,0.8317,0
65,237.3376,1.9631,738.3333,71.0053,0.7888,0
65,676.7866,1.7953,745.3416,61.4250,0.6854,0
65,193.8147,0.3824,230.6639,11.1760,0.5353,0
66,685.4803,1.2791,746.5350,56.7580,0.9761,0
66,628.8249,808.9448,690.1083,889.0930,0.9745,2
66,275.1846,343.6649,781.6747,796.2987,0.9637,0
66,353.6138,825.6886,415.2298,896.0247,0.9552,2
66,503.2844,880.7584,538.0057,912.0091,0.9210,2
66,336.7881,2.5704,730.4979,64.6018,0.8589,0
66,417.6223,729.8006,585.8749,899.7277,0.8561,2
66,193.6959,0.8710,386.9675,27.3336,0.8291,0
66,416.4090,837.3855,456.9466,892.4315,0.5141,2
67,628.2167,807.7445,692.5111,887.8059,0.9694,2
67,275.3561,346.8664,784.6404,783.8678,0.9673,0
67,353.1264,821.7693,415.0150,896.6937,0.9528,2
67,414.9228,835.1266,469.0930,896.6966,0.9331,2
67,501.0466,873.7369,541.0132,913.7062,0.9169,2
67,424.8067,732.4761,584.7365,900.2788,0.8212,2
67,365.0676,1.4397,747.1293,59.8499,0.8004,0
67,679.4108,2.1028,747.1359,50.2422,0.7738,0
67,194.0856,0.5362,386.9199,24.7730,0.6612,0
68,496.6398,867.1462,542.1541,914.1170,0.9811,2
68,351.1775,819.3932,415.8365,897.5782,0.9726,2
68,628.3134,807.0477,692.9246,887.6699,0.9695,2
68,281.6401,341.2836,789.7398,779.8795,0.9612,0
68,340.1307,1.1949,756.9161,57.4939,0.9422,0
68,676.2194,1.2756,746.1384,45.8214,0.9209,0
68,414.0260,834.3269,469.5387,897.1779,0.8811,2
68,418.9926,726.1957,584.5873,891.5125,0.8635,2
69,414.0515,1.4659,756.1356,54.7035,0.9892,0
69,495.5304,867.2689,543.9402,912.5829,0.9877,2
69,268.7763,330.3869,796.0256,746.4653,0.9840,0
69,629.2191,806.7362,691.6096,887.6806,0.9651,2
69,348.8438,815.2734,413.7482,896.3417,0.9601,2
69,412.0360,829.7882,466.8683,895.6396,0.8574,2
69,420.6190,728.0659,585.9901,884.4695,0.8479,2
70,426.7412,1.6141,755.5698,51.8287,0.9901,0
70,492.6209,866.0106,547.0668,912.9406,0.9865,2
70,274.4835,318.2730,794.5829,735.7208,0.9829,0
70,627.9731,808.7866,693.4255,886.7819,0.9778,2
70,348.0083,812.8259,412.3432,895.6000,0.9654,2
70,419.5737,721.4667,582.1013,878.7540,0.8040,2
70,412.5325,839.0375,467.9785,893.2059,0.7661,2
71,486.3541,863.7905,546.2250,911.4831,0.9908,2
71,434.7641,2.1305,757.0892,46.5207,0.9903,0
71,274.0251,308.8718,794.5182,723.7490,0.9825,0
71,347.5311,810.0388,412.1173,894.0686,0.9776,2
71,627.2313,809.6050,693.4755,886.7015,0.9708,2
71,407.6383,822.6786,472.1123,896.2815,0.9034,2
71,421.1606,714.7124,585.8741,885.0389,0.7161,0
71,416.7756,714.7759,586.6047,891.6653,0.5311,2
72,488.0381,861.5075,548.5222,911.1398,0.9923,2
72,349.0431,808.4064,413.4671,894.0884,0.9893,2
72,277.6281,313.1023,793.5053,717.0494,0.9825,0
72,438.7657,1.3266,754.8083,42.8900,0.9773,0
72,625.2224,811.1351,695.1747,885.4453,0.9427,2
72,404.0230,818.6663,477.2236,894.7847,0.9145,2
72,359.0388,809.1653,467.7208,895.6593,0.8064,2
72,420.4771,714.5707,586.3446,885.4884,0.7479,2
72,272.4251,0.4994,317.6451,11.7083,0.5553,0
73,283.0827,313.1275,798.6918,711.8665,0.9903,0
73,487.8110,858.3011,547.7058,911.0621,0.9688,2
73,624.4047,810.9745,694.9897,884.4648,0.9516,2
73,445.7020,1.5144,756.1996,42.6640,0.9502,0
73,346.8363,804.2235,475.6199,892.7113,0.9439,2
73,424.8334,700.4688,587.1233,883.4269,0.8602,2
73,269.1048,1.4812,308.1681,8.7562,0.6262,0
74,274.4179,307.7966,803.3691,703.4270,0.9911,0
74,344.0363,801.1221,467.6767,891.1794,0.9723,2
74,624.1125,811.6354,696.0417,882.2566,0.9553,2
74,451.5327,1.7324,752.2688,35.5262,0.9141,0
74,425.0660,699.0006,583.9995,888.7497,0.8965,2
74,486.7209,859.6965,547.5354,910.3290,0.6581,2
74,555.2535,1.7279,707.2859,32.2184,0.5445,0
75,270.6718,308.0982,801.0347,700.3295,0.9899,0
75,341.5105,797.5410,486.8882,892.4139,0.9757,2
75,423.2650,690.8071,580.0627,900.4782,0.9465,2
75,622.8137,813.0894,698.9132,875.9738,0.9297,2
75,647.8489,866.4989,681.7598,894.0212,0.8171,2
75,462.2285,0.8811,738.4205,30.7834,0.7841,0
75,558.3559,0.5818,695.3936,26.7181,0.6892,0
75,491.6747,853.1960,549.7645,910.5370,0.6540,2
76,271.1251,305.1037,802.9054,693.0687,0.9884,0
76,340.6977,795.8553,495.0556,900.1776,0.9618,2
76,428.0584,688.4965,581.5353,889.0874,0.9467,2
76,460.6475,0.5567,690.9684,26.0179,0.8633,0
76,643.8717,862.3631,684.0367,893.3904,0.8345,2
76,624.0790,812.7124,700.9561,870.2699,0.7758,2
76,558.9259,1.7107,683.4174,24.0258,0.7621,0
76,625.0836,812.0173,702.3287,871.4788,0.5709,0
77,622.0156,811.0470,702.8126,881.7991,0.9914,2
77,263.9511,298.5153,802.8134,692.1920,0.9879,0
77,336.9213,791.3743,495.7211,894.6517,0.9003,2
77,570.6099,2.6749,686.7504,17.6661,0.7909,0
77,426.1822,678.6342,579.2571,897.7053,0.7653,2
78,268.2314,294.3065,801.8221,681.8024,0.9878,0
78,621.8923,807.8312,706.3221,890.3951,0.9777,2
78,334.8145,790.0392,488.3281,887.7654,0.8571,2
78,421.4548,675.1917,582.8660,887.5605,0.7991,2
79,266.0404,297.3295,805.0397,678.9429,0.9854,0
79,621.1078,806.5167,705.4457,888.3267,0.9524,2
79,332.6175,788.0370,486.2633,888.3044,0.7928,2
79,423.3435,667.7794,582.0886,883.7010,0.7832,2
79,334.8303,788.0093,487.4540,889.8321,0.5834,0
80,265.2432,296.7166,810.4747,672.4843,0.9867,0
80,623.4473,806.2405,704.0651,886.7243,0.9007,2
80,411.0199,662.5345,581.8479,890.8271,0.7935,0
80,334.1447,784.8317,484.2354,897.1608,0.7805,0
81,622.0486,805.4017,706.4856,886.1872,0.9858,2
81,268.1359,293.0086,810.8417,677.3978,0.9825,0
81,333.1696,782.1569,486.7445,889.1504,0.6805,0
81,382.8690,660.9111,579.7137,886.6783,0.6377,0
81,498.4187,873.0374,538.5311,912.8616,0.6326,2
81,417.5853,659.2012,583.0540,881.3839,0.6156,2
82,621.6951,801.4249,706.1724,883.7069,0.9907,2
82,264.9806,290.9701,814.0729,672.6075,0.9902,0
82,494.5803,860.9848,539.9050,913.0975,0.9567,2
82,324.8696,779.6925,494.3817,893.3137,0.7746,2
82,416.8345,654.7068,581.1541,900.7722,0.7021,0
82,406.5766,651.4598,585.7592,881.8715,0.5707,2
83,272.8213,284.4243,812.3723,669.3820,0.9882,0
83,618.7551,804.4680,708.6332,883.1530,0.9859,2
83,493.2825,856.5870,542.3667,909.6687,0.9764,2
83,325.9447,778.1332,496.7119,891.3170,0.8746,2
83,418.5575,648.1131,580.7054,876.5961,0.6722,2
83,415.8020,646.3133,551.6661,755.3226,0.6609,1
84,264.8817,280.9730,820.2844,656.5350,0.9928,0
84,491.0742,854.1843,543.5368,908.6407,0.9846,2
84,325.1613,775.8804,492.1061,895.2739,0.9526,2
84,616.0640,803.5173,711.5500,880.6516,0.9447,2
84,634.1387,854.3684,690.7021,894.3058,0.7935,2
84,418.1292,639.7311,578.0163,860.2477,0.7186,0
84,415.2445,639.2896,576.8259,861.8669,0.5291,2
85,260.6107,276.8484,814.6337,645.8721,0.9929,0
85,488.7912,848.1198,548.5538,910.1460,0.9746,2
85,613.7950,801.6113,713.3832,879.9063,0.9558,2
85,327.6421,771.9906,485.4014,891.9442,0.9527,2
85,324.4791,619.1114,413.6210,655.3790,0.8119,0
85,627.7018,852.3990,695.9678,895.3085,0.7664,2
85,415.8519,636.6233,578.1982,853.2767,0.7420,0
85,415.3438,631.4249,575.2768,867.3530,0.6675,2
86,263.6788,276.2357,810.9903,639.0575,0.9894,0
86,484.9310,846.4996,551.6701,909.9410,0.9751,2
86,625.1915,850.7573,700.2308,893.9053,0.9313,2
86,326.9709,771.8524,476.7084,896.7551,0.9234,2
86,616.1185,796.8394,714.7548,871.7827,0.8174,2
86,421.0572,629.5422,578.0471,847.9072,0.7985,0
86,416.0867,626.4630,578.4195,864.3882,0.6372,2
86,616.1678,789.3467,714.4750,866.1022,0.6095,1
86,565.8558,775.0928,595.0341,827.9019,0.6066,2
87,258.3705,268.8822,813.7966,653.0067,0.9832,0
87,327.8727,771.7939,470.2675,898.0065,0.9709,2
87,476.9383,840.4505,551.1118,913.6476,0.9538,2
87,618.7480,845.2531,703.7883,895.4797,0.8992,2
87,613.2245,796.2044,718.0300,858.5372,0.7753,1
87,409.6150,619.3843,566.9752,821.6387,0.7070,2
87,566.3626,781.8542,595.4931,822.9125,0.6448,2
87,420.9555,675.0887,570.9210,852.6203,0.5397,1
88,258.3043,269.5801,815.4461,638.5679,0.9914,0
88,333.1855,771.1678,479.6791,902.5324,0.9762,2
88,482.2032,837.1526,549.5323,911.5877,0.9723,2
88,617.2769,845.1901,705.1558,896.2604,0.8591,2
88,437.5336,714.8856,569.1981,863.9506,0.7260,1
88,608.4553,793.7914,715.9248,855.1059,0.6689,0
88,609.9863,793.6465,714.2808,856.6735,0.5124,1
88,412.3662,636.4596,575.0558,839.1807,0.5061,0
89,260.8595,262.4541,818.8133,633.3644,0.9927,0
89,482.1017,834.4053,549.7474,911.4124,0.9712,2
89,332.2923,769.8868,475.5002,900.4144,0.9651,2
89,614.3407,843.8664,707.7333,895.4347,0.8926,2
89,483.0423,825.6729,558.8570,872.7419,0.7940,1
89,603.5159,808.6992,715.1038,850.8295,0.7229,1
89,412.3876,613.8386,576.8249,852.4105,0.6213,0
89,410.7956,609.0682,574.6798,875.7170,0.5185,2
90,261.9647,265.1569,815.0159,635.0891,0.9824,0
90,336.4637,769.4351,474.3851,894.2892,0.9628,2
90,480.5452,829.2270,549.2607,911.6663,0.9607,2
90,611.2086,841.8958,709.5111,896.2936,0.7524,2
90,488.7719,823.8714,562.1524,871.6357,0.7301,1
90,605.0590,798.7780,716.8492,852.7362,0.6521,1
90,424.9706,695.2816,573.4171,834.1178,0.6010,0
90,601.7936,794.7155,718.8323,848.4297,0.5577,0
91,479.6867,828.9699,549.9517,908.0788,0.9802,2
91,255.4104,266.3336,816.3352,656.7908,0.9720,0
91,336.2927,768.0313,496.5468,892.4219,0.9447,2
91,608.6635,838.2804,711.9761,896.4441,0.8908,2
91,603.0237,787.6740,714.5045,852.1591,0.7597,1
91,491.2174,819.2476,563.7438,867.3917,0.6700,1
91,403.1124,595.9849,569.0204,854.2021,0.5636,2
92,254.4241,263.7430,818.3372,635.1857,0.9886,0
92,479.8132,826.0048,549.5708,905.9241,0.9779,2
92,603.0009,836.0530,712.8726,896.0499,0.9006,2
92,340.4741,770.6260,495.9786,895.0120,0.8972,2
92,600.3353,785.4908,715.7119,846.1747,0.6807,0
92,601.4066,783.3672,713.6407,849.4602,0.6597,1
92,403.3553,601.0672,575.3425,817.6984,0.6539,0
92,398.4391,599.0061,570.5117,815.6389,0.5090,2
92,529.2501,811.3341,567.1340,865.9568,0.5041,2
93,252.6989,258.7328,818.4592,630.4746,0.9855,0
93,480.5823,822.1621,549.6578,902.9197,0.9701,2
93,342.8253,770.4144,492.0985,892.9693,0.9498,2
93,596.9078,783.8761,712.8973,850.1823,0.7427,0
93,602.9797,834.0614,713.5856,898.6556,0.6502,2
93,597.5166,781.4280,713.6293,851.2308,0.5732,1
94,478.4449,826.2012,549.2921,901.0566,0.9786,2
94,250.5155,257.8942,821.0194,648.6986,0.9715,0
94,345.4836,764.6098,496.4513,894.8626,0.9548,2
94,595.5646,781.0941,716.1069,898.0273,0.8336,0
94,521.2958,790.5059,569.7158,862.8494,0.5758,1
94,396.4638,602.1744,570.3174,800.3841,0.5048,0
95,474.5606,821.3303,552.9918,900.5206,0.9714,2
95,249.0800,255.0787,822.4314,629.0552,0.9705,0
95,347.2871,763.3653,489.9748,891.7682,0.9685,2
95,594.7610,779.9601,718.8748,899.1940,0.9569,0
95,514.1943,791.7598,570.7829,860.0204,0.6332,1
96,244.7201,256.1315,823.0820,651.1024,0.9661,0
96,350.1099,760.1617,471.8077,892.2172,0.9608,2
96,468.6171,815.5975,555.0015,902.6290,0.9520,2
96,591.2858,774.9963,717.1486,902.5580,0.8985,0
96,480.0892,780.4033,570.1837,855.9879,0.7909,1
97,467.6320,813.7203,557.2119,900.1570,0.9485,2
97,352.1278,758.2579,476.4221,894.1594,0.9350,2
97,250.5726,253.7892,824.8344,656.8240,0.9294,0
97,518.9622,779.0007,573.2086,847.1042,0.7561,1
97,587.5634,771.8583,722.0579,898.4450,0.7359,2
97,588.1442,772.7903,721.8405,902.6317,0.7266,0
97,433.3382,869.8472,453.7303,894.6514,0.6993,2
98,464.2718,811.2113,557.7068,895.6638,0.9625,2
98,249.1413,250.4755,827.0710,634.0505,0.9557,0
98,353.7126,758.3273,482.8502,891.1295,0.9025,2
98,395.2859,591.9749,558.4175,806.2064,0.8513,2
98,584.7904,769.0060,720.2155,900.9374,0.7766,2
98,585.9948,768.7437,722.7314,902.0949,0.7592,0
98,512.8500,779.6932,570.5014,831.0964,0.6392,1
98,429.7784,872.4755,462.6229,894.9058,0.5965,2
99,462.0679,808.3027,556.8288,893.4072,0.9632,2
99,421.2581,860.6989,464.9272,892.8376,0.9609,2
99,250.6403,243.5187,826.6642,662.4083,0.8923,0
99,584.2217,764.7570,721.2737,903.4342,0.8444,2
99,582.1695,767.8734,721.0277,898.7323,0.5672,0
100,458.6387,809.5521,557.2573,889.2188,0.9695,2
100,412.2142,854.5815,468.2199,893.5798,0.9622,2
100,240.1745,244.3745,830.6771,676.9606,0.9299,0
100,579.8516,762.0467,724.0053,900.0057,0.8689,2
100,393.4132,595.3646,553.6193,785.3348,0.8517,2
